0 3 0 4 0 0 0 0 0 0 0 0 0 0 0 
3 0 1 4 0 0 0 0 0 0 0 0 0 0 0 
0 3 0 4 0 0 0 0 0 0 0 0 0 0 0 
0 3 1 4 0 0 0 0 0 0 0 0 0 0 0 
3 0 0 0 0 0 0 0 0 0 0 0 0 0 0 
0 3 1 4 0 0 0 0 0 0 0 0 0 0 0 
0 3 0 4 0 0 0 0 0 0 0 0 0 0 0 
3 0 1 4 0 0 0 0 0 0 0 0 0 0 0 
0 3 2 4 0 0 0 0 0 0 0 0 0 0 0 
0 3 2 0 0 0 0 0 0 0 0 0 0 0 0 
3 0 2 5 0 0 0 0 0 0 0 0 0 0 0 
0 3 2 5 0 0 0 0 0 0 0 0 0 0 0 
0 3 0 5 0 0 0 0 0 0 0 0 0 0 0 
3 0 2 5 0 0 0 0 0 0 0 0 0 0 0 
0 3 2 5 0 0 0 0 0 0 0 0 0 0 0 

0 0 0 0 0 0 0 0 0 0 0 0 3 0 4 
0 0 0 0 0 0 0 0 0 0 0 3 0 0 4 
0 0 0 0 0 0 0 0 0 0 0 0 3 0 4 
0 0 0 0 0 0 0 0 0 0 0 0 3 0 4 
0 0 0 0 0 0 0 0 0 0 0 3 0 0 5 
0 0 0 0 0 0 0 0 0 0 0 0 3 0 5 
0 0 0 0 0 0 0 0 0 0 0 0 3 0 5 
0 0 0 0 0 0 0 0 0 0 0 3 0 1 5 
0 0 0 0 0 0 0 0 0 0 0 0 3 1 5 
0 0 0 0 0 0 0 0 0 0 0 0 3 1 4 
0 0 0 0 0 0 0 0 0 0 0 3 0 1 4 
0 0 0 0 0 0 0 0 0 0 0 0 3 2 4 
0 0 0 0 0 0 0 0 0 0 0 0 3 2 4 
0 0 0 0 0 0 0 0 0 0 0 3 0 2 2 
0 0 0 0 0 0 0 0 0 0 0 0 3 2 2 
